0.3
40 20
2 4 7 10 11 13 14 17 18 19 20 23 24 28 29 30 31 33 34 39
0 8
1 832
2 679
3 788
6 778
7 420
8 293
12 807
18 32
1 2
0 832
4 257
2 4
0 679
5 577
9 978
22 347
3 3
0 788
19 64
36 890
4 2
1 257
14 959
5 7
2 577
10 579
16 63
20 979
23 693
25 746
31 743
6 2
0 778
17 274
7 3
0 420
24 842
26 371
8 2
0 293
30 20
9 2
2 978
11 195
10 3
5 579
13 299
15 460
11 1
9 195
12 1
0 807
13 1
10 299
14 3
4 959
32 226
37 485
15 1
10 460
16 2
5 63
39 687
17 1
6 274
18 1
0 32
19 2
3 64
35 677
20 2
5 979
21 469
21 1
20 469
22 1
2 347
23 2
5 693
29 880
24 1
7 842
25 2
5 746
27 88
26 2
7 371
28 537
27 2
25 88
33 523
28 2
26 537
34 485
29 2
23 880
38 753
30 1
8 20
31 1
5 743
32 1
14 226
33 1
27 523
34 1
28 485
35 1
19 677
36 1
3 890
37 1
14 485
38 1
29 753
39 1
16 687
