1.0
40 20
7 8 9 10 13 14 15 16 17 20 23 24 27 29 30 33 35 37 38 39
0 2
1 885
4 446
1 9
0 885
2 525
3 646
6 620
11 658
18 108
31 507
34 581
38 755
2 6
1 525
12 709
15 202
16 146
22 239
35 811
3 4
1 646
5 888
7 226
36 469
4 5
0 446
8 611
17 166
26 65
29 333
5 2
3 888
9 792
6 2
1 620
10 267
7 3
3 226
20 355
37 961
8 2
4 611
30 317
9 3
5 792
21 174
23 986
10 3
6 267
13 65
25 103
11 1
1 658
12 2
2 709
14 466
13 1
10 65
14 1
12 466
15 2
2 202
24 866
16 1
2 146
17 2
4 166
27 105
18 2
1 108
19 59
19 2
18 59
33 286
20 1
7 355
21 1
9 174
22 1
2 239
23 1
9 986
24 1
15 866
25 1
10 103
26 2
4 65
28 962
27 2
17 105
32 393
28 1
26 962
29 1
4 333
30 1
8 317
31 1
1 507
32 1
27 393
33 1
19 286
34 1
1 581
35 1
2 811
36 1
3 469
37 1
7 961
38 2
1 755
39 366
39 1
38 366
